34
0000000000100010001100000001000000
0000000010000001000000000110100000
0000000000000100010100101000000000
0000000001000000001100010001000000
0000001000010000010000001000000100
0000000000100001000000110010000000
0000100000000000010000000001001001
0000000000001000010000000100000011
0100000000000000000001010000001100
0001000000100000100000100000000010
1000010001001000000000000000100000
0000100000000001100010000010000000
0000000100100000010000000000110000
0010000000000000000000000010010110
1000000000000000000000001100001010
0100010000010000000000000001000001
0000000001010000001000000010001000
0010101100001000000000000000000000
1001000000000000100000000000001010
1011000000000000000010100000000000
0000000000010000000100010100010000
0000000010000000000000001101000001
0010010001000000000100000000010000
0001010010000000000010000000000001
0010100000000010000001000000100000
0100000100000010000011000000000000
0100010000010100100000000000000000
1001001000000001000001000000000000
0100000000101000000000001000000100
0000000000001100000010100000000100
0000001010000010101000000000000000
0000100010000100000000000000110000
0000000101000110001000000000000000
0000001100000001000001010000000000
